##FastQC	0.12.1
>>Basic Statistics	pass
#Measure	Value
Filename	SRR8185316.fastq
File type	Conventional base calls
Encoding	Sanger / Illumina 1.9
Total Sequences	2297280
Total Bases	229.7 Mbp
Sequences flagged as poor quality	0
Sequence length	100
%GC	49
>>END_MODULE
>>Per base sequence quality	pass
#Base	Mean	Median	Lower Quartile	Upper Quartile	10th Percentile	90th Percentile
1	38.775395250034826	40.0	39.0	40.0	37.0	40.0
2	38.835563361888845	40.0	39.0	40.0	38.0	40.0
3	38.83358798230952	40.0	39.0	40.0	37.0	40.0
4	38.8262279739518	40.0	39.0	40.0	37.0	40.0
5	38.82527902563031	40.0	39.0	40.0	37.0	40.0
6	38.895880345452014	40.0	39.0	40.0	38.0	40.0
7	38.85640235408831	40.0	39.0	40.0	37.0	40.0
8	38.82201690695083	40.0	39.0	40.0	37.0	40.0
9	38.79557259019362	40.0	39.0	40.0	36.0	40.0
10-11	38.80920088104193	40.0	39.0	40.0	36.0	40.0
12-13	38.781549049310485	40.0	39.0	40.0	36.0	40.0
14-15	38.72733384698426	40.0	39.0	40.0	36.0	40.0
16-17	38.67545227399359	40.0	39.0	40.0	36.0	40.0
18-19	38.589600527580444	40.0	39.0	40.0	35.5	40.0
20-21	38.513550590263264	40.0	38.0	40.0	35.0	40.0
22-23	38.484904103983844	40.0	38.5	40.0	35.0	40.0
24-25	38.49658291544783	40.0	38.0	40.0	35.0	40.0
26-27	38.40111740841343	40.0	38.0	40.0	35.0	40.0
28-29	38.37589214201142	40.0	38.5	40.0	35.0	40.0
30-31	38.421829293773506	40.0	38.5	40.0	35.0	40.0
32-33	38.37871112794261	40.0	39.0	40.0	35.0	40.0
34-35	38.31533748607048	40.0	38.5	40.0	35.0	40.0
36-37	38.24802048509542	40.0	38.5	40.0	35.0	40.0
38-39	38.129494880902634	40.0	38.0	40.0	35.0	40.0
40-41	38.0387375504945	40.0	38.0	40.0	35.0	40.0
42-43	37.92604231961276	40.0	38.0	40.0	35.0	40.0
44-45	37.83232148453824	40.0	38.0	40.0	34.0	40.0
46-47	37.716878003552026	39.5	38.0	40.0	33.5	40.0
48-49	37.591234198704555	39.0	38.0	40.0	33.0	40.0
50-51	37.45122057389608	39.0	38.0	40.0	33.0	40.0
52-53	37.286555839949855	39.0	37.5	40.0	33.0	40.0
54-55	37.143770676626275	39.0	37.0	40.0	33.0	40.0
56-57	36.947876836955004	39.0	37.0	40.0	32.5	40.0
58-59	36.74917902911269	39.0	36.0	40.0	32.0	40.0
60-61	36.57640165761248	39.0	36.0	40.0	31.0	40.0
62-63	36.35728252542137	39.0	36.0	40.0	31.0	40.0
64-65	36.11460009228305	39.0	35.5	40.0	31.0	40.0
66-67	35.882945701002924	39.0	35.0	40.0	30.0	40.0
68-69	35.61015352939128	38.0	35.0	40.0	29.5	40.0
70-71	35.32640361645076	38.0	35.0	40.0	29.0	40.0
72-73	34.952010203370946	38.0	34.5	39.5	28.5	40.0
74-75	34.667569038166874	38.0	34.0	39.0	27.5	40.0
76-77	34.280681066304496	37.5	33.0	39.0	27.0	40.0
78-79	33.88131159458142	37.0	33.0	39.0	26.0	40.0
80-81	33.49752228722663	36.0	33.0	39.0	24.5	40.0
82-83	33.025586998537406	36.0	32.5	39.0	23.0	40.0
84-85	32.624840245855964	36.0	32.0	39.0	22.5	40.0
86-87	32.36667471966848	36.0	31.5	39.0	18.5	40.0
88-89	31.813973481682687	35.5	31.0	38.0	16.5	40.0
90-91	31.26883575358685	35.0	31.0	38.0	6.5	40.0
92-93	30.7547236296838	35.0	30.0	38.0	2.0	39.5
94-95	30.27930400299485	35.0	29.5	38.0	2.0	39.0
96-97	29.304139895876865	34.0	28.5	37.0	2.0	39.0
98-99	28.677129257208527	33.0	27.5	36.5	2.0	39.0
100	27.843043947625016	33.0	27.0	36.0	2.0	39.0
>>END_MODULE
>>Per sequence quality scores	pass
#Quality	Count
0	112.0
1	863.0
2	99.0
3	43.0
4	156.0
5	219.0
6	385.0
7	794.0
8	1374.0
9	2394.0
10	2440.0
11	2911.0
12	2857.0
13	3325.0
14	4000.0
15	4401.0
16	5025.0
17	5582.0
18	6555.0
19	7450.0
20	8501.0
21	9821.0
22	10686.0
23	12210.0
24	13705.0
25	15823.0
26	18002.0
27	21300.0
28	25393.0
29	30078.0
30	33976.0
31	40135.0
32	49146.0
33	63775.0
34	86096.0
35	124131.0
36	194936.0
37	335129.0
38	632354.0
39	521098.0
>>END_MODULE
>>Per base sequence content	pass
#Base	G	A	T	C
1	22.579435260279286	25.959479384536206	25.575656994955164	25.885428360229344
2	24.537855436801536	26.411680949505918	26.142405863632582	22.908057750059964
3	23.48722194724752	25.43965843353223	26.48533136918684	24.58778825003341
4	24.25052605736006	24.982087496593795	26.351577823841954	24.415808622204192
5	25.122840924919903	25.417929029112692	26.118191948739376	23.341038097228026
6	24.49932093606352	25.19222732971166	25.506599108510937	24.801852625713888
7	25.03821911129684	25.47403886335144	25.817619097367324	23.670122927984398
8	24.222428262989272	25.491842526814317	25.898149115475693	24.38758009472071
9	24.205799902493382	25.071693480986212	26.12263198217022	24.59987463435019
10-11	24.375598262117922	25.48982948958311	25.605292173915316	24.529280074383653
12-13	24.35426249653391	25.423298307503252	25.56259486857587	24.659844327386963
14-15	24.26243209360635	25.59067680039003	25.596683904443516	24.550207201560106
16-17	24.350035694386403	25.56283953196824	25.543251149185124	24.54387362446023
18-19	24.40550320618436	25.401551139413193	25.487544177263622	24.705401477138825
20-21	24.49461972419557	25.26986262014208	25.470578249059756	24.76493940660259
22-23	24.57753779312155	25.294887228420258	25.39448342417641	24.733091554281778
24-25	24.60370356987847	25.16071483765701	25.36014184959085	24.875439742873674
26-27	24.702707810593477	25.118773172199543	25.287799044937408	24.89071997226957
28-29	24.7478763288938	25.173318349759725	25.19984450186696	24.878960819479516
30-31	24.780972511895012	25.052021275181925	25.17899436355393	24.988011849369133
32-33	24.824387666949402	25.05993223081275	25.191390854908207	24.924289247329636
34-35	24.84660377008929	25.074068947929963	25.138890856601687	24.940436425379065
36-37	24.87461534352834	25.01562607303213	25.115824791770454	24.993933791669072
38-39	24.883438649257844	25.02475156839894	25.089672642516696	25.00213713982652
40-41	24.895099130830715	25.092710954219566	25.035839222218005	24.976350692731714
42-43	24.930613078109847	25.00463451859238	25.023521544950032	25.041230858347742
44-45	24.900135973453654	24.995838771653386	25.077645357759838	25.02637989713313
46-47	24.93357086385365	25.04025016623646	25.065229266692146	24.960949703217743
48-49	24.939121685507928	24.96615204983535	25.070324761428125	25.02440150322859
50-51	24.948832954980855	24.976718449025405	25.035107793362815	25.03934080263092
52-53	24.90667452289764	25.07495062577062	25.04703918295198	24.971335668379762
54-55	24.94140800221424	25.003770799149667	24.982248321803382	25.07257287683271
56-57	24.951908275270263	25.03992541142716	25.005338672733902	25.00282764056867
58-59	24.93173150308614	25.077167149450414	24.99848777499839	24.992613572465057
60-61	24.975667624668603	24.984122510642344	24.973089649100384	25.067120215588666
62-63	24.964419985118997	24.97014512800174	25.058251143662847	25.007183743216416
64-65	24.95873101364325	25.08546702153332	24.98284101997349	24.972960944849945
66-67	24.98022227149344	25.03582731692427	24.952583743210084	25.031366668372208
68-69	24.972970160150023	24.997042842596798	25.02072196620248	25.0092650310507
70-71	24.9777888763544	25.077129397862613	24.96873605313089	24.976345672652098
72-73	24.99394508503901	24.97959269402037	24.96493400197389	25.06152821896673
74-75	24.97580103814859	25.022820539973793	24.97822968621867	25.02314873565894
76-77	24.970779408391365	25.033029118155376	25.031912825891677	24.96427864756158
78-79	25.000585542506776	24.955690302080832	24.99655788563775	25.047166269774646
80-81	25.000870326973633	24.97910667887825	25.033778539335167	24.986244454812955
82-83	25.010520268320484	25.0289334746837	24.964279255432114	24.996267001563698
84-85	24.983808084528146	24.977392626471012	24.973210536065167	25.065588752935675
86-87	25.015232485050493	24.934357458422376	25.008664399509495	25.04174565701764
88-89	25.045425654640663	25.02171388986137	24.938164402882805	24.994696052615158
90-91	25.07006094426389	24.935456355096893	24.92488153132206	25.069601169317156
92-93	25.077072617854483	24.90898982372109	24.971418698926186	25.04251885949824
94-95	25.056735558306148	24.96237525131536	24.947458963232556	25.033430227145935
96-97	25.085748272383434	24.90063671802691	24.87986917323046	25.133745836359196
98-99	25.066969591741273	24.86464222452751	24.94719441940152	25.121193764329696
100	25.027461850264892	24.95332471321153	24.877566373988554	25.14164706253503
>>END_MODULE
>>Per sequence GC content	warn
#GC Content	Count
0	36.0
1	24.5
2	9.0
3	5.0
4	9.0
5	14.5
6	30.0
7	52.5
8	80.5
9	129.0
10	199.5
11	264.5
12	340.5
13	428.0
14	486.0
15	538.5
16	571.0
17	593.0
18	644.5
19	726.0
20	870.5
21	1100.5
22	1347.5
23	1755.5
24	2311.0
25	2877.0
26	3679.5
27	4620.0
28	5849.5
29	7267.5
30	8618.5
31	10072.0
32	11615.5
33	13413.0
34	15793.5
35	18385.5
36	20934.5
37	23505.5
38	26608.5
39	30984.5
40	36394.5
41	42143.0
42	48520.5
43	55918.5
44	64468.0
45	74232.5
46	84309.5
47	94919.5
48	106716.0
49	118305.0
50	127593.0
51	134908.5
52	139522.5
53	140061.5
54	136686.0
55	127806.0
56	115150.5
57	100697.0
58	84627.5
59	68579.5
60	53508.0
61	40422.0
62	29219.5
63	20086.0
64	13549.5
65	8892.0
66	5500.0
67	3213.0
68	1846.0
69	1071.5
70	629.0
71	383.5
72	222.0
73	127.0
74	76.5
75	55.0
76	40.0
77	26.0
78	14.5
79	11.5
80	12.0
81	10.5
82	7.0
83	7.0
84	5.5
85	2.5
86	1.5
87	0.5
88	0.5
89	1.0
90	0.5
91	1.0
92	2.0
93	1.0
94	0.5
95	0.5
96	0.0
97	0.0
98	0.5
99	0.5
100	0.5
>>END_MODULE
>>Per base N content	pass
#Base	N-Count
1	0.538419348098621
2	4.352973951803872E-5
3	0.004309444212285834
4	8.705947903607744E-5
5	0.0
6	0.0
7	0.0
8	0.0
9	0.0
10-11	4.352973951803872E-5
12-13	0.0010011840089148908
14-15	0.0
16-17	0.0
18-19	4.352973951803872E-5
20-21	0.0
22-23	1.5235408831313553E-4
24-25	0.008662418164089705
26-27	0.03856734921298231
28-29	0.06235635185959048
30-31	0.10035781445883826
32-33	0.13154687282351302
34-35	0.1437569647583229
36-37	0.1670453754004736
38-39	0.1957097088731021
40-41	0.19157438361888843
42-43	0.20463330547430006
44-45	0.23020702744114777
46-47	0.2334935227747597
48-49	0.2356264800111436
50-51	0.25099247806101127
52-53	0.2657490597576264
54-55	0.2895380624042346
56-57	0.321467126340716
58-59	0.33115249338347963
60-61	0.3770763685750105
62-63	0.3973176974508985
64-65	0.4286808747736454
66-67	0.46215524446301715
68-69	0.4551251915308539
70-71	0.46578997771277336
72-73	0.5200280331522495
74-75	0.524881599108511
76-77	0.5629265914472767
78-79	0.5690860495890793
80-81	0.5944203579885777
82-83	0.5916997492687004
84-85	0.5977939128012257
86-87	0.5880650160189442
88-89	0.5921568115336397
90-91	0.5900020894274969
92-93	0.6042580791196546
94-95	0.632944177462042
96-97	0.6473960509820309
98-99	0.6567549449784092
100	0.6539472767794957
>>END_MODULE
>>Sequence Length Distribution	pass
#Length	Count
100	2297280.0
>>END_MODULE
>>Sequence Duplication Levels	pass
#Total Deduplicated Percentage	85.13615731670427
#Duplication Level	Percentage of total
1	72.3411262600677
2	22.14910403112664
3	4.381293222679135
4	0.8152449628966157
5	0.17983763534136235
6	0.0830179246663359
7	0.029400150471293355
8	0.011549664752023285
9	0.0035384371968372437
>10	0.005887710802079997
>50	0.0
>100	0.0
>500	0.0
>1k	0.0
>5k	0.0
>10k+	0.0
>>END_MODULE
>>Overrepresented sequences	pass
>>END_MODULE
>>Adapter Content	pass
#Position	Illumina Universal Adapter	Illumina Small RNA 3' Adapter	Illumina Small RNA 5' Adapter	Nextera Transposase Sequence	PolyA	PolyG
1	0.0	0.0	0.0	4.352973951803872E-5	0.0021329572363838977	0.0
2	0.0	0.0	0.0	8.705947903607744E-5	0.002524724892046246	0.0
3	0.0	0.0	0.0	8.705947903607744E-5	0.0026117843710823235	0.0
4	0.0	0.0	0.0	8.705947903607744E-5	0.002829433068672517	0.0
5	0.0	0.0	0.0	8.705947903607744E-5	0.0038741468171054464	0.0
6	0.0	0.0	0.0	1.3058921855411618E-4	0.0038741468171054464	0.0
7	0.0	0.0	0.0	1.3058921855411618E-4	0.0038741468171054464	0.0
8	0.0	0.0	0.0	1.3058921855411618E-4	0.004004736035659563	0.0
9	0.0	0.0	0.0	1.3058921855411618E-4	0.0040482657751776015	4.352973951803872E-5
10-11	0.0	0.0	0.0	1.3058921855411618E-4	0.00409179551469564	4.352973951803872E-5
12-13	0.0	0.0	0.0	1.3058921855411618E-4	0.00409179551469564	6.529460927705809E-5
14-15	8.705947903607744E-5	0.0	0.0	1.7411895807215488E-4	0.004222384733249756	8.705947903607744E-5
16-17	1.7411895807215488E-4	0.0	0.0	2.3941356734921297E-4	0.004222384733249756	1.0882434879509681E-4
18-19	1.7411895807215488E-4	0.0	0.0	3.2647304638529044E-4	0.004287679342526815	1.7411895807215488E-4
20-21	0.0021982518456609553	0.0	0.0	3.9176765566234853E-4	0.00441826856108093	1.7411895807215488E-4
22-23	0.002220016715419975	0.0	0.0	4.3529739518038724E-4	0.004592387519153085	1.7411895807215488E-4
24-25	0.002220016715419975	0.0	0.0	4.3529739518038724E-4	0.0047665064772252404	1.9588382783117426E-4
26-27	0.0023070761944560523	0.0	0.0	4.7882713469842594E-4	0.004962390305056415	2.3941356734921297E-4
28-29	0.002829433068672517	0.0	0.0	4.7882713469842594E-4	0.005027684914333473	3.2647304638529044E-4
30-31	0.0029817871569856524	0.0	0.0	5.658866137345034E-4	0.005092979523610531	4.1353252542136786E-4
32-33	0.00341708455216604	0.0	0.0	6.311812230115614E-4	0.00511474439336955	6.094163532525421E-4
34-35	0.00407003064493662	0.0	0.0	6.964758322886195E-4	0.0052670984816826855	6.747109625296002E-4
36-37	0.004722976737707201	0.0	0.0	6.964758322886195E-4	0.005354157960718763	8.270650508427357E-4
38-39	0.006115928402284441	0.0	0.0	6.964758322886195E-4	0.005680631007104054	8.923596601197938E-4
40-41	0.006942993453127176	0.0	0.0	6.964758322886195E-4	0.0057676904861401306	0.0011100083577099875
42-43	0.00792241259228305	0.0	0.0	7.18240702047639E-4	0.006202987881320518	0.001392951664577239
44-45	0.009293599387101267	0.0	0.0	8.270650508427357E-4	0.006442401448669731	0.0016758949714444909
46-47	0.010751845660955564	0.0	0.0	8.705947903607745E-4	0.006747109625296002	0.002154722106142917
48-49	0.012123032455773786	0.0	0.0	8.705947903607745E-4	0.00718240702047639	0.0024376654130101685
50-51	0.013842457166736315	0.0	0.0	8.705947903607745E-4	0.007356525978548544	0.002698843850118401
52-53	0.01569247109625296	0.0	0.0	8.705947903607745E-4	0.00750888006686168	0.002938257417467614
54-55	0.017629544504805684	0.0	0.0	8.705947903607745E-4	0.007726528764451873	0.0032647304638529044
56-57	0.019566617913358404	0.0	0.0	8.705947903607745E-4	0.00785711798300599	0.003678262989274272
58-59	0.02148192645215211	0.0	0.0	8.705947903607745E-4	0.008009472071319124	0.004026500905418582
60-61	0.02381076751636718	0.0	0.0	9.141245298788132E-4	0.00814006128987324	0.00444003343083995
62-63	0.0259654896225101	0.0	0.0	9.141245298788132E-4	0.008227120768909319	0.004679446998189163
64-65	0.027946092770580862	0.0	0.0	9.794191391558713E-4	0.008292415378186377	0.004897095695779357
66-67	0.029839636439615545	0.0	0.0	0.0010011840089148908	0.008444769466499514	0.005180039002646608
68-69	0.032146712634071595	0.0	0.0	0.0010229488786739102	0.00851006407577657	0.00544121743975484
70-71	0.03419261039141942	0.0	0.0	0.0011100083577099875	0.00881477225240284	0.005963574313971305
72-73	0.036282037888285275	0.0	0.0	0.0011753029669870456	0.008988891210474996	0.006224752751079537
74-75	0.03848028973394623	0.0	0.0	0.0011753029669870456	0.009141245298788132	0.0067035798857779634
76-77	0.04111383897478757	0.0	0.0	0.0011753029669870456	0.009315364256860286	0.007073582671681292
78-79	0.04366032873659284	0.0	0.0	0.0012188327065050842	0.009402423735896365	0.007421820587825602
80-81	0.04588034545201282	0.0	0.0	0.0013058921855411618	0.009707131912522635	0.007791823373728932
82-83	0.048557424432372195	0.0	4.352973951803872E-5	0.0013058921855411618	0.010185959047221062	0.0082053558991503
84-85	0.05075567627803315	0.0	4.352973951803872E-5	0.0013494219250592004	0.010403607744811255	0.008727712773366765
86-87	0.053541579607187625	0.0	4.352973951803872E-5	0.001392951664577239	0.01057772670288341	0.009293599387101267
88-89	0.056022774759715836	0.0	4.352973951803872E-5	0.001392951664577239	0.011056553837581836	0.009663602173004597
>>END_MODULE
